0 0.0806172 0.0791993 0.0777582 0.0740989 0.0727289 0.447772 0.0715382 0.082734 0.601374 0.609315 0.693901 0.715968 0.611575 0.62873 0.512502 0.51838 0.580671 0.518563 0.415808 0.442597 0.552568 0.598729 0.628293 0.577888 0.688229 0.618879 0.76365 0.653696 1.08985 1.06307 1.09391 1.03827 1.17158 1.02934 1.10048 1.06367 1.01194 1.10037 1.05963 1.01168 1.3439 1.18757 1.25301 1.13999 1.18416 1.1801 1.23461 1.15502
0.0806172 0 0.0797483 0.0841557 0.0846866 0.0736981 0.471599 0.0717548 0.0926761 0.574905 0.57617 0.660141 0.677316 0.664217 0.610813 0.484663 0.508793 0.529496 0.516783 0.402817 0.43801 0.511493 0.586494 0.581503 0.577454 0.626936 0.571805 0.723 0.57481 0.959428 0.961782 1.02256 0.973516 1.04392 0.951888 1.00516 1.00114 0.970258 1.02824 1.05527 0.995466 1.24475 1.07431 1.18762 1.04461 1.10272 1.11909 1.13497 1.09586
0.0791993 0.0797483 0 0.0781976 0.0898501 0.0885079 0.446215 0.0750326 0.0899396 0.59069 0.546117 0.677851 0.625922 0.619114 0.567541 0.467619 0.462957 0.557102 0.50558 0.387016 0.416014 0.509253 0.530475 0.542734 0.555647 0.605948 0.598692 0.691596 0.637368 1.0016 0.973848 1.04626 0.976877 1.06907 0.956193 1.05208 0.966577 0.976873 1.01567 1.05167 0.992021 1.28145 1.11254 1.18916 1.133 1.10352 1.13149 1.2073 1.1411
0.0777582 0.0841557 0.0781976 0 0.0819666 0.0719656 0.510008 0.0676626 0.0806347 0.571072 0.600777 0.690571 0.692642 0.631306 0.615511 0.491084 0.502389 0.568855 0.527843 0.41415 0.47473 0.536954 0.59785 0.606943 0.577734 0.643078 0.605593 0.717987 0.599647 0.970812 0.970625 1.01364 0.964896 1.07164 0.956562 1.00717 0.978143 0.991594 1.0297 1.05298 1.04054 1.2703 1.11753 1.16448 1.07357 1.13582 1.14174 1.23283 1.11945
0.0740989 0.0846866 0.0898501 0.0819666 0 0.0668342 0.466095 0.0700209 0.0868063 0.560371 0.567145 0.650243 0.670811 0.619867 0.620109 0.492554 0.511867 0.569305 0.497969 0.38229 0.452357 0.509899 0.574772 0.614114 0.539646 0.636429 0.568502 0.71363 0.610304 1.04153 1.04578 1.09109 1.04053 1.13689 1.03419 1.10398 1.08234 1.03035 1.07401 1.06833 1.06856 1.27924 1.19446 1.23524 1.19652 1.16399 1.17459 1.27333 1.15037
0.0727289 0.0736981 0.0885079 0.0719656 0.0668342 0 0.461047 0.0597192 0.0775838 0.617103 0.604733 0.69338 0.705811 0.647765 0.627201 0.522269 0.528401 0.586574 0.503926 0.431589 0.461332 0.576904 0.589641 0.643619 0.621947 0.699979 0.6566 0.762894 0.643442 1.04491 1.03996 1.07667 1.03856 1.14457 1.0157 1.10084 1.09347 1.0574 1.11748 1.17091 1.09355 1.33897 1.17997 1.29506 1.20311 1.19574 1.23763 1.24893 1.19518
0.447772 0.471599 0.446215 0.510008 0.466095 0.461047 0 0.454712 0.435695 0.525406 0.531984 0.590947 0.619877 0.615216 0.60392 0.471646 0.455636 0.584748 0.521925 0.473601 0.472405 0.554872 0.495144 0.557664 0.562732 0.551011 0.57517 0.666217 0.55327 1.0393 1.0004 1.04977 0.99886 1.06252 1.00243 1.02279 1.11504 0.879708 0.925585 0.952722 0.914802 1.15011 1.04849 1.02211 0.996807 1.06328 1.09711 1.08767 1.04733
0.0715382 0.0717548 0.0750326 0.0676626 0.0700209 0.0597192 0.454712 0 0.0691976 0.584082 0.591874 0.69223 0.686493 0.657641 0.647684 0.514656 0.490317 0.566085 0.519502 0.403976 0.452976 0.541915 0.563751 0.621594 0.604286 0.649095 0.616493 0.727175 0.672501 1.03692 1.03143 1.09468 1.00747 1.12442 1.00279 1.0744 1.03787 1.03635 1.10757 1.12903 1.04601 1.30096 1.18757 1.24433 1.20674 1.17128 1.25644 1.30291 1.2209
0.082734 0.0926761 0.0899396 0.0806347 0.0868063 0.0775838 0.435695 0.0691976 0 0.590209 0.595912 0.710477 0.678367 0.663828 0.651156 0.508029 0.508257 0.583759 0.503635 0.393752 0.439025 0.583235 0.587249 0.631956 0.606124 0.678807 0.649477 0.754634 0.647647 1.07407 1.09625 1.10541 1.05583 1.18383 1.05422 1.15962 1.09855 1.05116 1.14217 1.2352 1.14722 1.25902 1.17424 1.33639 1.17442 1.24658 1.21826 1.31303 1.23768
0.601374 0.574905 0.59069 0.571072 0.560371 0.617103 0.525406 0.584082 0.590209 0 0.138557 0.162292 0.156026 0.163665 0.211773 0.222663 0.236309 0.220962 0.198552 0.226992 0.272618 0.220168 0.233 0.255958 0.252042 0.225578 0.214138 0.242968 0.223228 0.37874 0.364451 0.389367 0.365687 0.363573 0.334166 0.362725 0.367698 0.422841 0.376462 0.406219 0.390132 0.475263 0.491813 0.479426 0.44954 0.468768 0.522834 0.476671 0.504927
0.609315 0.57617 0.546117 0.600777 0.567145 0.604733 0.531984 0.591874 0.595912 0.138557 0 0.163068 0.16856 0.163782 0.190338 0.210007 0.21102 0.202941 0.194216 0.219535 0.245458 0.207292 0.207553 0.22935 0.223695 0.210149 0.211732 0.224691 0.213741 0.359956 0.345023 0.381219 0.353285 0.352759 0.335461 0.354198 0.353118 0.434 0.393334 0.409775 0.40398 0.477811 0.519481 0.505129 0.492792 0.480272 0.496763 0.487651 0.478106
0.693901 0.660141 0.677851 0.690571 0.650243 0.69338 0.590947 0.69223 0.710477 0.162292 0.163068 0 0.164485 0.166446 0.216722 0.252971 0.259087 0.236529 0.222111 0.264464 0.316327 0.234932 0.278438 0.266834 0.272556 0.253775 0.229138 0.211218 0.232512 0.336751 0.319126 0.346602 0.321639 0.321263 0.307922 0.324953 0.323467 0.419448 0.356012 0.386317 0.384592 0.428818 0.466921 0.441975 0.441478 0.428924 0.467176 0.435008 0.445429
0.715968 0.677316 0.625922 0.692642 0.670811 0.705811 0.619877 0.686493 0.678367 0.156026 0.16856 0.164485 0 0.16296 0.198974 0.257437 0.247167 0.228188 0.206689 0.268211 0.3051 0.229691 0.266799 0.262026 0.235484 0.25041 0.242702 0.223094 0.219947 0.350096 0.335917 0.347668 0.341026 0.331975 0.31581 0.329397 0.331861 0.394034 0.358847 0.390159 0.381055 0.446304 0.472755 0.447048 0.465344 0.43496 0.483679 0.44269 0.436192
0.611575 0.664217 0.619114 0.631306 0.619867 0.647765 0.615216 0.657641 0.663828 0.163665 0.163782 0.166446 0.16296 0 0.173078 0.245823 0.240144 0.20677 0.175392 0.246051 0.285172 0.21636 0.237194 0.230834 0.24137 0.233434 0.218826 0.225893 0.208592 0.325831 0.317336 0.333003 0.32785 0.312033 0.301697 0.309571 0.31267 0.370897 0.337166 0.365044 0.354569 0.434246 0.428843 0.435658 0.43211 0.424625 0.483317 0.418093 0.431676
0.62873 0.610813 0.567541 0.615511 0.620109 0.627201 0.60392 0.647684 0.651156 0.211773 0.190338 0.216722 0.198974 0.173078 0 0.166431 0.175332 0.176751 0.133166 0.216167 0.244821 0.197552 0.219422 0.214479 0.204407 0.21904 0.234119 0.223915 0.212143 0.375376 0.363771 0.381726 0.369019 0.366922 0.348331 0.362242 0.349597 0.386747 0.363716 0.360482 0.382118 0.490811 0.513747 0.499068 0.495739 0.457323 0.518009 0.470239 0.487224
0.512502 0.484663 0.467619 0.491084 0.492554 0.522269 0.471646 0.514656 0.508029 0.222663 0.210007 0.252971 0.257437 0.245823 0.166431 0 0.149777 0.183127 0.142599 0.213323 0.222337 0.232687 0.239386 0.24692 0.263316 0.256339 0.263834 0.297178 0.264131 0.45888 0.460964 0.490932 0.470541 0.461168 0.457733 0.456291 0.46049 0.49681 0.476559 0.474528 0.470796 0.60339 0.629283 0.595382 0.581464 0.5755 0.63391 0.567747 0.597534
0.51838 0.508793 0.462957 0.502389 0.511867 0.528401 0.455636 0.490317 0.508257 0.236309 0.21102 0.259087 0.247167 0.240144 0.175332 0.149777 0 0.179176 0.154158 0.214614 0.227961 0.235348 0.222275 0.232931 0.243911 0.243469 0.245865 0.276272 0.274736 0.470434 0.446018 0.471057 0.462658 0.467492 0.44166 0.468853 0.445384 0.531806 0.494292 0.507486 0.503272 0.614989 0.616588 0.577041 0.559845 0.56155 0.641743 0.566464 0.586518
0.580671 0.529496 0.557102 0.568855 0.569305 0.586574 0.584748 0.566085 0.583759 0.220962 0.202941 0.236529 0.228188 0.20677 0.176751 0.183127 0.179176 0 0.138154 0.228027 0.258015 0.213628 0.228385 0.229161 0.244661 0.242167 0.2462 0.262652 0.252955 0.408037 0.412916 0.422523 0.402818 0.414201 0.382533 0.408959 0.392936 0.446471 0.399616 0.430676 0.421826 0.499558 0.535973 0.498238 0.521859 0.512314 0.550716 0.490539 0.513272
0.518563 0.516783 0.50558 0.527843 0.497969 0.503926 0.521925 0.519502 0.503635 0.198552 0.194216 0.222111 0.206689 0.175392 0.133166 0.142599 0.154158 0.138154 0 0.218158 0.248794 0.197304 0.243894 0.217705 0.208599 0.211779 0.231234 0.207558 0.206691 0.34615 0.336407 0.354043 0.35138 0.341707 0.337053 0.340647 0.346058 0.429224 0.373053 0.38852 0.403103 0.5331 0.482932 0.467902 0.466516 0.436037 0.462616 0.454725 0.477134
0.415808 0.402817 0.387016 0.41415 0.38229 0.431589 0.473601 0.403976 0.393752 0.226992 0.219535 0.264464 0.268211 0.246051 0.216167 0.213323 0.214614 0.228027 0.218158 0 0.136509 0.147554 0.158619 0.163049 0.22296 0.22426 0.230671 0.28725 0.252211 0.533032 0.517167 0.53056 0.509475 0.528013 0.491078 0.520188 0.538414 0.529822 0.546614 0.575387 0.542634 0.678143 0.68739 0.6707 0.664964 0.680651 0.687351 0.696178 0.667819
0.442597 0.43801 0.416014 0.47473 0.452357 0.461332 0.472405 0.452976 0.439025 0.272618 0.245458 0.316327 0.3051 0.285172 0.244821 0.222337 0.227961 0.258015 0.248794 0.136509 0 0.208259 0.190692 0.187512 0.243028 0.256071 0.27512 0.316878 0.262046 0.604362 0.588814 0.602694 0.583382 0.584522 0.557257 0.614537 0.593115 0.550193 0.571453 0.558676 0.551048 0.728376 0.724016 0.74033 0.711903 0.698621 0.751167 0.746402 0.7337
0.552568 0.511493 0.509253 0.536954 0.509899 0.576904 0.554872 0.541915 0.583235 0.220168 0.207292 0.234932 0.229691 0.21636 0.197552 0.232687 0.235348 0.213628 0.197304 0.147554 0.208259 0 0.202054 0.197268 0.211703 0.221009 0.224212 0.243015 0.236312 0.450306 0.437314 0.465033 0.442523 0.430042 0.411037 0.446124 0.436972 0.494178 0.447861 0.477417 0.466046 0.576522 0.626174 0.573844 0.558076 0.540885 0.6141 0.573339 0.572976
0.598729 0.586494 0.530475 0.59785 0.574772 0.589641 0.495144 0.563751 0.587249 0.233 0.207553 0.278438 0.266799 0.237194 0.219422 0.239386 0.222275 0.228385 0.243894 0.158619 0.190692 0.202054 0 0.18625 0.237038 0.219922 0.239856 0.303848 0.246121 0.582263 0.544276 0.571465 0.542592 0.519981 0.513996 0.537743 0.527339 0.512395 0.501432 0.507912 0.49181 0.648612 0.650475 0.635807 0.602263 0.684112 0.718103 0.660658 0.665084
0.628293 0.581503 0.542734 0.606943 0.614114 0.643619 0.557664 0.621594 0.631956 0.255958 0.22935 0.266834 0.262026 0.230834 0.214479 0.24692 0.232931 0.229161 0.217705 0.163049 0.187512 0.197268 0.18625 0 0.199217 0.219637 0.254413 0.29187 0.236237 0.501062 0.477792 0.501665 0.475756 0.468401 0.441949 0.491317 0.442767 0.4537 0.453805 0.477296 0.471121 0.604986 0.620631 0.606162 0.627506 0.571617 0.670112 0.592011 0.605803
0.577888 0.577454 0.555647 0.577734 0.539646 0.621947 0.562732 0.604286 0.606124 0.252042 0.223695 0.272556 0.235484 0.24137 0.204407 0.263316 0.243911 0.244661 0.208599 0.22296 0.243028 0.211703 0.237038 0.199217 0 0.188866 0.19685 0.225709 0.171171 0.454211 0.434578 0.471308 0.445949 0.443212 0.428 0.440572 0.451452 0.471282 0.432281 0.444409 0.429782 0.55105 0.560128 0.594156 0.581313 0.54524 0.583364 0.524815 0.59369
0.688229 0.626936 0.605948 0.643078 0.636429 0.699979 0.551011 0.649095 0.678807 0.225578 0.210149 0.253775 0.25041 0.233434 0.21904 0.256339 0.243469 0.242167 0.211779 0.22426 0.256071 0.221009 0.219922 0.219637 0.188866 0 0.185645 0.202436 0.171811 0.464498 0.44407 0.470621 0.439776 0.42598 0.42513 0.441778 0.422151 0.412119 0.406248 0.400847 0.383848 0.54919 0.541922 0.560667 0.55763 0.481163 0.56567 0.522534 0.546419
0.618879 0.571805 0.598692 0.605593 0.568502 0.6566 0.57517 0.616493 0.649477 0.214138 0.211732 0.229138 0.242702 0.218826 0.234119 0.263834 0.245865 0.2462 0.231234 0.230671 0.27512 0.224212 0.239856 0.254413 0.19685 0.185645 0 0.199983 0.163629 0.387865 0.39049 0.404892 0.382905 0.375118 0.372102 0.390997 0.366273 0.416087 0.386376 0.392175 0.392032 0.496937 0.510638 0.496707 0.481574 0.465346 0.471993 0.482177 0.497088
0.76365 0.723 0.691596 0.717987 0.71363 0.762894 0.666217 0.727175 0.754634 0.242968 0.224691 0.211218 0.223094 0.225893 0.223915 0.297178 0.276272 0.262652 0.207558 0.28725 0.316878 0.243015 0.303848 0.29187 0.225709 0.202436 0.199983 0 0.161442 0.295409 0.278557 0.29972 0.286768 0.284149 0.267611 0.283611 0.285411 0.359118 0.337513 0.342966 0.340261 0.417254 0.440081 0.414667 0.414409 0.376262 0.405032 0.388981 0.412993
0.653696 0.57481 0.637368 0.599647 0.610304 0.643442 0.55327 0.672501 0.647647 0.223228 0.213741 0.232512 0.219947 0.208592 0.212143 0.264131 0.274736 0.252955 0.206691 0.252211 0.262046 0.236312 0.246121 0.236237 0.171171 0.171811 0.163629 0.161442 0 0.338099 0.336932 0.351691 0.346207 0.322514 0.312055 0.329604 0.336277 0.378321 0.34877 0.369057 0.355464 0.501668 0.467038 0.489304 0.487633 0.422749 0.446958 0.447832 0.449622
1.08985 0.959428 1.0016 0.970812 1.04153 1.04491 1.0393 1.03692 1.07407 0.37874 0.359956 0.336751 0.350096 0.325831 0.375376 0.45888 0.470434 0.408037 0.34615 0.533032 0.604362 0.450306 0.582263 0.501062 0.454211 0.464498 0.387865 0.295409 0.338099 0 0.015351 0.0224137 0.0121351 0.0228379 0.0118586 0.0218378 0.0236505 0.258838 0.212334 0.232148 0.224853 0.172817 0.16434 0.167106 0.170764 0.151699 0.181803 0.164736 0.155535
1.06307 0.961782 0.973848 0.970625 1.04578 1.03996 1.0004 1.03143 1.09625 0.364451 0.345023 0.319126 0.335917 0.317336 0.363771 0.460964 0.446018 0.412916 0.336407 0.517167 0.588814 0.437314 0.544276 0.477792 0.434578 0.44407 0.39049 0.278557 0.336932 0.015351 0 0.0196508 0.0104636 0.0190451 0.0109415 0.0193024 0.0223798 0.258192 0.208444 0.215497 0.219674 0.166183 0.1676 0.165482 0.17398 0.149779 0.181257 0.155746 0.155111
1.09391 1.02256 1.04626 1.01364 1.09109 1.07667 1.04977 1.09468 1.10541 0.389367 0.381219 0.346602 0.347668 0.333003 0.381726 0.490932 0.471057 0.422523 0.354043 0.53056 0.602694 0.465033 0.571465 0.501665 0.471308 0.470621 0.404892 0.29972 0.351691 0.0224137 0.0196508 0 0.0166046 0.0297025 0.0193876 0.0285731 0.0309064 0.269012 0.222587 0.23567 0.217813 0.168306 0.164077 0.162641 0.172128 0.156366 0.174064 0.156448 0.15064
1.03827 0.973516 0.976877 0.964896 1.04053 1.03856 0.99886 1.00747 1.05583 0.365687 0.353285 0.321639 0.341026 0.32785 0.369019 0.470541 0.462658 0.402818 0.35138 0.509475 0.583382 0.442523 0.542592 0.475756 0.445949 0.439776 0.382905 0.286768 0.346207 0.0121351 0.0104636 0.0166046 0 0.0161812 0.00910902 0.0165477 0.0181234 0.264395 0.210675 0.227901 0.220194 0.180674 0.17001 0.179817 0.182109 0.152793 0.179893 0.161 0.162608
1.17158 1.04392 1.06907 1.07164 1.13689 1.14457 1.06252 1.12442 1.18383 0.363573 0.352759 0.321263 0.331975 0.312033 0.366922 0.461168 0.467492 0.414201 0.341707 0.528013 0.584522 0.430042 0.519981 0.468401 0.443212 0.42598 0.375118 0.284149 0.322514 0.0228379 0.0190451 0.0297025 0.0161812 0 0.0169396 0.0248647 0.0256774 0.238657 0.20518 0.21623 0.21063 0.17236 0.178279 0.175521 0.184113 0.158845 0.193397 0.161155 0.169136
1.02934 0.951888 0.956193 0.956562 1.03419 1.0157 1.00243 1.00279 1.05422 0.334166 0.335461 0.307922 0.31581 0.301697 0.348331 0.457733 0.44166 0.382533 0.337053 0.491078 0.557257 0.411037 0.513996 0.441949 0.428 0.42513 0.372102 0.267611 0.312055 0.0118586 0.0109415 0.0193876 0.00910902 0.0169396 0 0.009926 0.0171588 0.250199 0.2027 0.221007 0.219282 0.186545 0.178867 0.177294 0.185978 0.155978 0.182603 0.165713 0.160769
1.10048 1.00516 1.05208 1.00717 1.10398 1.10084 1.02279 1.0744 1.15962 0.362725 0.354198 0.324953 0.329397 0.309571 0.362242 0.456291 0.468853 0.408959 0.340647 0.520188 0.614537 0.446124 0.537743 0.491317 0.440572 0.441778 0.390997 0.283611 0.329604 0.0218378 0.0193024 0.0285731 0.0165477 0.0248647 0.009926 0 0.0312469 0.251738 0.208158 0.228951 0.220303 0.188654 0.179193 0.182953 0.191253 0.165151 0.189547 0.166886 0.177356
1.06367 1.00114 0.966577 0.978143 1.08234 1.09347 1.11504 1.03787 1.09855 0.367698 0.353118 0.323467 0.331861 0.31267 0.349597 0.46049 0.445384 0.392936 0.346058 0.538414 0.593115 0.436972 0.527339 0.442767 0.451452 0.422151 0.366273 0.285411 0.336277 0.0236505 0.0223798 0.0309064 0.0181234 0.0256774 0.0171588 0.0312469 0 0.248737 0.213325 0.228029 0.211465 0.18174 0.179341 0.171085 0.184248 0.15331 0.179247 0.170199 0.167244
1.01194 0.970258 0.976873 0.991594 1.03035 1.0574 0.879708 1.03635 1.05116 0.422841 0.434 0.419448 0.394034 0.370897 0.386747 0.49681 0.531806 0.446471 0.429224 0.529822 0.550193 0.494178 0.512395 0.4537 0.471282 0.412119 0.416087 0.359118 0.378321 0.258838 0.258192 0.269012 0.264395 0.238657 0.250199 0.251738 0.248737 0 0.159643 0.138777 0.145585 0.361327 0.359607 0.367803 0.377536 0.322842 0.355441 0.338068 0.357766
1.10037 1.02824 1.01567 1.0297 1.07401 1.11748 0.925585 1.10757 1.14217 0.376462 0.393334 0.356012 0.358847 0.337166 0.363716 0.476559 0.494292 0.399616 0.373053 0.546614 0.571453 0.447861 0.501432 0.453805 0.432281 0.406248 0.386376 0.337513 0.34877 0.212334 0.208444 0.222587 0.210675 0.20518 0.2027 0.208158 0.213325 0.159643 0 0.138307 0.134989 0.304812 0.291294 0.299574 0.314636 0.273798 0.327418 0.27511 0.294759
1.05963 1.05527 1.05167 1.05298 1.06833 1.17091 0.952722 1.12903 1.2352 0.406219 0.409775 0.386317 0.390159 0.365044 0.360482 0.474528 0.507486 0.430676 0.38852 0.575387 0.558676 0.477417 0.507912 0.477296 0.444409 0.400847 0.392175 0.342966 0.369057 0.232148 0.215497 0.23567 0.227901 0.21623 0.221007 0.228951 0.228029 0.138777 0.138307 0 0.132877 0.303718 0.31352 0.309021 0.334096 0.293965 0.336625 0.294254 0.311157
1.01168 0.995466 0.992021 1.04054 1.06856 1.09355 0.914802 1.04601 1.14722 0.390132 0.40398 0.384592 0.381055 0.354569 0.382118 0.470796 0.503272 0.421826 0.403103 0.542634 0.551048 0.466046 0.49181 0.471121 0.429782 0.383848 0.392032 0.340261 0.355464 0.224853 0.219674 0.217813 0.220194 0.21063 0.219282 0.220303 0.211465 0.145585 0.134989 0.132877 0 0.318127 0.299552 0.32632 0.311244 0.282728 0.334865 0.282616 0.301033
1.3439 1.24475 1.28145 1.2703 1.27924 1.33897 1.15011 1.30096 1.25902 0.475263 0.477811 0.428818 0.446304 0.434246 0.490811 0.60339 0.614989 0.499558 0.5331 0.678143 0.728376 0.576522 0.648612 0.604986 0.55105 0.54919 0.496937 0.417254 0.501668 0.172817 0.166183 0.168306 0.180674 0.17236 0.186545 0.188654 0.18174 0.361327 0.304812 0.303718 0.318127 0 0.114443 0.125995 0.124238 0.212634 0.233975 0.207048 0.228776
1.18757 1.07431 1.11254 1.11753 1.19446 1.17997 1.04849 1.18757 1.17424 0.491813 0.519481 0.466921 0.472755 0.428843 0.513747 0.629283 0.616588 0.535973 0.482932 0.68739 0.724016 0.626174 0.650475 0.620631 0.560128 0.541922 0.510638 0.440081 0.467038 0.16434 0.1676 0.164077 0.17001 0.178279 0.178867 0.179193 0.179341 0.359607 0.291294 0.31352 0.299552 0.114443 0 0.122758 0.129973 0.210777 0.246905 0.22974 0.22958
1.25301 1.18762 1.18916 1.16448 1.23524 1.29506 1.02211 1.24433 1.33639 0.479426 0.505129 0.441975 0.447048 0.435658 0.499068 0.595382 0.577041 0.498238 0.467902 0.6707 0.74033 0.573844 0.635807 0.606162 0.594156 0.560667 0.496707 0.414667 0.489304 0.167106 0.165482 0.162641 0.179817 0.175521 0.177294 0.182953 0.171085 0.367803 0.299574 0.309021 0.32632 0.125995 0.122758 0 0.137879 0.2185 0.248504 0.217619 0.228496
1.13999 1.04461 1.133 1.07357 1.19652 1.20311 0.996807 1.20674 1.17442 0.44954 0.492792 0.441478 0.465344 0.43211 0.495739 0.581464 0.559845 0.521859 0.466516 0.664964 0.711903 0.558076 0.602263 0.627506 0.581313 0.55763 0.481574 0.414409 0.487633 0.170764 0.17398 0.172128 0.182109 0.184113 0.185978 0.191253 0.184248 0.377536 0.314636 0.334096 0.311244 0.124238 0.129973 0.137879 0 0.224638 0.254322 0.238708 0.243947
1.18416 1.10272 1.10352 1.13582 1.16399 1.19574 1.06328 1.17128 1.24658 0.468768 0.480272 0.428924 0.43496 0.424625 0.457323 0.5755 0.56155 0.512314 0.436037 0.680651 0.698621 0.540885 0.684112 0.571617 0.54524 0.481163 0.465346 0.376262 0.422749 0.151699 0.149779 0.156366 0.152793 0.158845 0.155978 0.165151 0.15331 0.322842 0.273798 0.293965 0.282728 0.212634 0.210777 0.2185 0.224638 0 0.130795 0.11829 0.121618
1.1801 1.11909 1.13149 1.14174 1.17459 1.23763 1.09711 1.25644 1.21826 0.522834 0.496763 0.467176 0.483679 0.483317 0.518009 0.63391 0.641743 0.550716 0.462616 0.687351 0.751167 0.6141 0.718103 0.670112 0.583364 0.56567 0.471993 0.405032 0.446958 0.181803 0.181257 0.174064 0.179893 0.193397 0.182603 0.189547 0.179247 0.355441 0.327418 0.336625 0.334865 0.233975 0.246905 0.248504 0.254322 0.130795 0 0.118211 0.156419
1.23461 1.13497 1.2073 1.23283 1.27333 1.24893 1.08767 1.30291 1.31303 0.476671 0.487651 0.435008 0.44269 0.418093 0.470239 0.567747 0.566464 0.490539 0.454725 0.696178 0.746402 0.573339 0.660658 0.592011 0.524815 0.522534 0.482177 0.388981 0.447832 0.164736 0.155746 0.156448 0.161 0.161155 0.165713 0.166886 0.170199 0.338068 0.27511 0.294254 0.282616 0.207048 0.22974 0.217619 0.238708 0.11829 0.118211 0 0.148821
1.15502 1.09586 1.1411 1.11945 1.15037 1.19518 1.04733 1.2209 1.23768 0.504927 0.478106 0.445429 0.436192 0.431676 0.487224 0.597534 0.586518 0.513272 0.477134 0.667819 0.7337 0.572976 0.665084 0.605803 0.59369 0.546419 0.497088 0.412993 0.449622 0.155535 0.155111 0.15064 0.162608 0.169136 0.160769 0.177356 0.167244 0.357766 0.294759 0.311157 0.301033 0.228776 0.22958 0.228496 0.243947 0.121618 0.156419 0.148821 0
